   np      CNPO       f(x*)  cpu time  nIter
0  21  0.000483  167.641617  2.159271    100
Puntos x, y, z
[[ 1.          0.          0.        ]
 [ 0.14398067  0.27802591  0.94972166]
 [ 0.18669503  0.46048257 -0.86781379]
 [ 0.16879028 -0.79634677 -0.58081141]
 [-0.9979658   0.06334711 -0.00716954]
 [-0.40655952 -0.90807811 -0.1005177 ]
 [ 0.71421351 -0.69705911 -0.06330611]
 [-0.60804669  0.42297018 -0.67184481]
 [ 0.69135138  0.6577756  -0.29893916]
 [ 0.69674882  0.54258444  0.46919431]
 [ 0.68209986 -0.14571438 -0.71659414]
 [ 0.66436584 -0.2972065   0.68577427]
 [-0.13279329 -0.2174929  -0.96698646]
 [-0.62285479  0.27808477  0.73124607]
 [-0.73638829 -0.39749779 -0.54747403]
 [-0.74864853 -0.4983322   0.43725352]
 [-0.15092602 -0.41609649  0.89670793]
 [-0.66937658  0.7383964   0.08188881]
 [ 0.15482407 -0.90181133  0.40344249]
 [-0.02738333  0.95245869 -0.30343469]
 [-0.0015376   0.88279459  0.4697567 ]]
